-16.9 0.88 0.91 0.9 0.91 0.88 0.89 0.89 0.89 6000.0 
-16.89 0.88 0.91 0.9 0.91 0.88 0.89 0.89 0.89 6000.0 
-16.88 0.88 0.91 0.9 0.91 0.88 0.89 0.89 0.89 6000.0 
-16.87 0.88 0.91 0.9 0.91 0.88 0.89 0.89 0.89 6000.0 
-16.86 0.88 0.91 0.89 0.91 0.87 0.89 0.89 0.89 6000.0 
-16.85 0.88 0.91 0.9 0.91 0.87 0.89 0.89 0.89 6000.0 
-16.84 0.88 0.91 0.89 0.91 0.87 0.89 0.89 0.89 6000.0 
-16.83 0.88 0.91 0.9 0.91 0.87 0.89 0.89 0.89 6000.0 
-16.82 0.88 0.91 0.9 0.91 0.87 0.89 0.89 0.89 6000.0 
-16.81 0.88 0.91 0.9 0.91 0.87 0.89 0.89 0.89 6000.0 
-16.8 0.88 0.91 0.9 0.91 0.87 0.89 0.89 0.89 6000.0 
-16.79 0.88 0.91 0.9 0.91 0.87 0.89 0.89 0.89 6000.0 
-16.78 0.88 0.91 0.9 0.91 0.87 0.89 0.89 0.89 6000.0 
-16.77 0.88 0.91 0.9 0.91 0.87 0.89 0.89 0.89 6000.0 
-16.76 0.88 0.91 0.9 0.91 0.87 0.89 0.89 0.89 6000.0 
-16.75 0.88 0.91 0.9 0.91 0.87 0.89 0.89 0.89 6000.0 
-16.74 0.88 0.91 0.9 0.91 0.87 0.89 0.89 0.89 6000.0 
-16.73 0.88 0.91 0.9 0.91 0.87 0.89 0.89 0.89 6000.0 
-16.72 0.88 0.91 0.9 0.91 0.87 0.89 0.89 0.89 6000.0 
-16.71 0.88 0.91 0.9 0.91 0.87 0.89 0.89 0.89 6000.0 
-16.7 0.88 0.91 0.9 0.91 0.87 0.89 0.89 0.89 6000.0 
-16.69 0.88 0.91 0.9 0.91 0.87 0.89 0.89 0.89 6000.0 
-16.68 0.88 0.91 0.9 0.91 0.87 0.89 0.89 0.89 6000.0 
-16.67 0.88 0.91 0.9 0.91 0.87 0.89 0.89 0.89 6000.0 
-16.66 0.88 0.91 0.9 0.91 0.87 0.89 0.89 0.89 6000.0 
-16.65 0.88 0.91 0.9 0.91 0.87 0.89 0.89 0.89 6000.0 
-16.64 0.88 0.91 0.89 0.91 0.87 0.89 0.89 0.89 6000.0 
-16.63 0.88 0.91 0.9 0.91 0.87 0.89 0.89 0.89 6000.0 
-16.62 0.88 0.91 0.9 0.91 0.87 0.89 0.89 0.89 6000.0 
-16.61 0.88 0.92 0.9 0.91 0.87 0.89 0.89 0.89 6000.0 
